100 RV from Beta Sample:
0.54875 0.0939991 0.946847 0.112014 0.852657 0.410293 0.149032 0.938896 0.785855 0.199586 0.146257 0.610715 0.953505 0.275621 0.906344 0.317455 0.994908 0.273475 0.536421 0.822562 0.650552 0.457067 0.767065 0.48511 0.833902 0.637359 0.0868043 0.177522 0.276355 0.173674 0.0849254 0.960771 0.343284 0.356351 0.265582 0.150262 0.589388 0.732496 0.813913 0.888181 0.184975 0.856101 0.180324 0.725108 0.246723 0.548072 0.821032 0.662254 0.816093 0.631875 0.53719 0.811737 0.0213035 0.732881 0.534871 0.087262 0.596953 0.507026 0.664775 0.448504 0.934954 0.388931 0.299435 0.876725 0.224182 0.15475 0.441331 0.269979 0.909086 0.635806 0.366886 0.366619 0.336172 0.301697 0.577926 0.499354 0.918308 0.693505 0.925337 0.707175 0.482963 0.41 0.429791 0.360871 0.209053 0.845312 0.46341 0.545444 0.0150815 0.817205 0.556087 0.970195 0.330582 0.953819 0.52201 0.474354 0.0978949 0.74189 0.93462 0.622784  
 
Matrix Exponentation:
 
MT:
-1.32965  2.51124 0.127324
 1.32965 -3.42518 0.830346
       0 0.913935 -0.95767
dgeMatrix:
 0.59814 0.515134 0.293987
0.265857 0.264081 0.219539
0.136002 0.220785 0.486475
Code Finished Running!
